Probe_ID	Normal1	Normal2	Normal3	Normal4	Normal5	Normal6	Normal7	Normal8	Normal9	Normal10	Normal11	Normal12	Normal13	Normal14	Normal15	Normal16	Normal17	Normal18	Normal19	Normal20	Tumor1	Tumor2	Tumor3	Tumor4	Tumor5	Tumor6	Tumor7	Tumor8	Tumor9	Tumor10	Tumor11	Tumor12	Tumor13	Tumor14	Tumor15	Tumor16	Tumor17	Tumor18	Tumor19	Tumor20	Tumor21	Tumor22	Tumor23	Tumor24	Tumor25	Tumor26	Tumor27	Tumor28	Tumor29	Tumor30
Marker1	0.031709787	0.026623044	0.0318156	0.030722366	0.030749915	0.024245359	0.0409669	0.016706538	0.021757501	0.023683868	0.026189176	0.030036414	0.024335065	0.02297534	0.022468616	0.025687431	0.026331182	0.02073852	0.023995799	0.022776622	0.782844506	0.834257298	0.038956499	0.792876334	0.698483673	0.433131357	0.578960562	0.52349515	0.430712198	0.55449344	0.449341779	0.292245178	0.46744666	0.383691697	0.208045866	0.040609924	0.574897424	0.376519395	0.08214955	0.305278398	0.453875549	0.507178346	0.380122918	0.785441248	0.331982839	0.680246588	0.023245443	0.274387398	0.305668513	0.572581854
Marker2	0.050651909	0.057766924	0.050089914	0.051194856	0.046079318	0.041711611	0.041131901	0.04192204	0.048871849	0.043923229	0.041679786	0.050536232	0.041159178	0.041802459	0.067373808	0.0449175	0.049452886	0.043439141	0.044521919	0.042589624	0.649932944	0.671647777	0.046443688	0.545279312	0.604346404	0.400217981	0.582085081	0.24069497	0.375054263	0.508541336	0.398335848	0.114459566	0.424507497	0.276563545	0.112024026	0.049567054	0.33728853	0.45706882	0.051852132	0.369100211	0.403195072	0.532469961	0.309172979	0.242848097	0.088796058	0.613018743	0.095684302	0.289047014	0.068070071	0.344710566
Marker3	0.023606028	0.039599717	0.016816674	0.044589875	0.026836658	0.017763371	0.035066144	0.021756159	0.028263424	0.059678986	0.034322932	0.064919353	0.025162484	0.049111921	0.025926316	0.046377809	0.029883077	0.033303174	0.068398981	0.031269419	0.392313217	0.019123632	0.048114399	0.524598659	0.635770816	0.02558081	0.465073012	0.479874988	0.378192469	0.505250041	0.299030049	0.245160063	0.410282097	0.203338676	0.279545221	0.018493353	0.510843651	0.027548289	0.102728024	0.021543752	0.379488498	0.271251327	0.024262858	0.07846683	0.046828154	0.254011896	0.097865966	0.278238678	0.023247012	0.196926495
Marker4	0.03066713	0.037669891	0.03051965	0.030482713	0.039713272	0.035739041	0.028387745	0.029888114	0.027470688	0.041916133	0.031598219	0.041245915	0.026054097	0.306433136	0.027839913	0.033900293	0.035356593	0.029212688	0.07178825	0.033767486	0.578546295	0.751748588	0.060433077	0.668698976	0.56611668	0.120068414	0.357581219	0.405224967	0.161438135	0.045887944	0.203108894	0.113958285	0.277978877	0.07054142	0.111561637	0.027583076	0.443297588	0.270295243	0.041931813	0.136816422	0.223905853	0.248677968	0.195915067	0.595357503	0.22479094	0.560483871	0.037387141	0.114640225	0.218150802	0.219160918
Marker5	0.036180017	0.033111042	0.021332583	0.072299819	0.040776726	0.032016225	0.025413054	0.028719513	0.032776022	0.063404458	0.039873114	0.045122637	0.045363317	0.04610173	0.042977274	0.029247201	0.026153819	0.044244006	0.027441588	0.049199202	0.532068603	0.31076275	0.043123593	0.439576156	0.142792352	0.142404039	0.58861895	0.231999386	0.334659226	0.49788186	0.202615733	0.025509289	0.045321991	0.374432491	0.172150475	0.041491502	0.157324181	0.381673601	0.061600929	0.434642255	0.321751632	0.304154131	0.109410773	0.122703264	0.330347921	0.316333303	0.02741558	0.131973134	0.311100024	0.371336372
Marker6	0.0493606	0.052834599	0.035704032	0.051543589	0.04810387	0.047288209	0.037582031	0.042742174	0.055588778	0.058922295	0.073000402	0.061265318	0.065092769	0.056629782	0.058179619	0.067617614	0.066081256	0.056145698	0.057862955	0.060726682	0.337730994	0.045726188	0.053176058	0.078428131	0.054218975	0.243576809	0.269485422	0.282356564	0.24656114	0.05944973	0.155334499	0.306967881	0.336806776	0.049699562	0.084468058	0.045918871	0.330959846	0.052031546	0.051444334	0.05166651	0.184364448	0.201880779	0.048214618	0.046631548	0.039909746	0.040224367	0.053058062	0.042022476	0.04066113	0.039230691
Marker7	0.027385155	0.023470388	0.027403631	0.032205439	0.025389863	0.032348856	0.022581533	0.032542459	0.034954307	0.025471229	0.025466389	0.028298008	0.026297588	0.02130505	0.02337913	0.027075174	0.022854539	0.018327208	0.019198411	0.023144564	0.32674097	0.027556099	0.035134604	0.357669935	0.233150447	0.230004615	0.271525896	0.269501356	0.15082817	0.41633998	0.029888017	0.343715513	0.062551733	0.034616379	0.102907834	0.144180971	0.31024834	0.293740055	0.057635498	0.42696678	0.167925878	0.291901949	0.113793418	0.327928631	0.320576237	0.159155022	0.030775454	0.107221792	0.041022619	0.543432837
Marker8	0.024801692	0.022555613	0.021188248	0.074031552	0.020887265	0.022186556	0.072655397	0.017153429	0.024547098	0.029116835	0.030380372	0.027194959	0.031040967	0.022826261	0.020196067	0.026789343	0.027001908	0.033426664	0.052393084	0.089916909	0.54234987	0.013768082	0.122442275	0.48139156	0.547058617	0.450138699	0.054481221	0.480211453	0.513437377	0.479848349	0.234600957	0.021763014	0.532010218	0.021073426	0.307147146	0.017956565	0.208351779	0.030672682	0.430947183	0.022788003	0.52595575	0.477514657	0.025784369	0.537204465	0.031754045	0.376780534	0.222816123	0.303882567	0.020721595	0.234578016
Marker9	0.024338999	0.013929153	0.01441724	0.039695636	0.022066694	0.019616266	0.078950671	0.019669004	0.024808958	0.0491043	0.016089828	0.052998618	0.035524122	0.019981016	0.026400046	0.062448978	0.016835317	0.02124121	0.034485838	0.022743064	0.566753701	0.014375847	0.015594421	0.051111367	0.38649012	0.42515609	0.02507768	0.413504526	0.108148246	0.033967089	0.076231344	0.223018659	0.026748844	0.093344738	0.125255474	0.017495328	0.434065199	0.017723263	0.027738408	0.020484767	0.35656216	0.084716353	0.203426843	0.189903094	0.053576885	0.644205607	0.192636324	0.013221579	0.02371948	0.6007257
Marker10	0.026911501	0.026247589	0.025109439	0.038192428	0.037029883	0.02263652	0.035453304	0.023760378	0.024034718	0.025384092	0.02516025	0.027975591	0.026777927	0.028080466	0.026746637	0.030880572	0.020545106	0.02393401	0.069271133	0.021075295	0.521595615	0.772211616	0.052500306	0.631769992	0.512762743	0.352419766	0.034640822	0.298720184	0.358609429	0.425223976	0.415729626	0.26240008	0.313206563	0.398059592	0.319203207	0.026260959	0.356791237	0.479511943	0.123992623	0.130070732	0.368200769	0.409886712	0.34307968	0.575777389	0.303943288	0.326983027	0.055401269	0.199887241	0.33561391	0.262254587
Marker11	0.024116379	0.050653751	0.03616206	0.036877964	0.029408914	0.028844551	0.026274789	0.023288032	0.035806873	0.026647302	0.027911994	0.036976011	0.028330838	0.054369219	0.037622178	0.035157786	0.031773524	0.027696123	0.027659758	0.034649601	0.279829178	0.828242823	0.036120655	0.377400965	0.760485286	0.315131633	0.439758952	0.179990143	0.236584694	0.431192311	0.054650022	0.187641729	0.347128262	0.07133652	0.060235204	0.044149447	0.422218544	0.526106475	0.041054822	0.602156421	0.176991276	0.285071096	0.229871749	0.537323981	0.081591104	0.469129413	0.04174754	0.250494166	0.036250832	0.205774456
Marker12	0.024149958	0.023394424	0.018471174	0.025981959	0.026072829	0.023451608	0.043185618	0.017157226	0.032293992	0.029745328	0.016859818	0.026874064	0.018511443	0.394049944	0.022890584	0.024208741	0.020782013	0.017011229	0.057401642	0.016038837	0.530447036	0.485641225	0.044438547	0.498996146	0.354883438	0.103087842	0.338363115	0.174811476	0.333442783	0.354050666	0.207267803	0.174274594	0.325358477	0.085907686	0.16007425	0.018313432	0.149563242	0.116608707	0.139312842	0.293993599	0.418060735	0.40682821	0.328426526	0.316058686	0.153722077	0.46917306	0.079731669	0.154228792	0.026961497	0.558594616
Marker13	0.034979702	0.043192935	0.04818102	0.039774382	0.040357382	0.042001937	0.052856977	0.040746195	0.037046701	0.040883635	0.034617209	0.035202857	0.039146667	0.034260662	0.027917988	0.038597509	0.030320929	0.045489502	0.036037212	0.029672438	0.294550053	0.578432942	0.039921373	0.205878063	0.131699403	0.189658948	0.39136033	0.181265253	0.291349666	0.455313869	0.189694624	0.166913387	0.250730863	0.088834266	0.119335047	0.039159896	0.311334186	0.391658761	0.064055786	0.192812758	0.233037571	0.40798723	0.28280915	0.190068992	0.23472806	0.241302354	0.070708631	0.099825102	0.09521798	0.247568615
Marker14	0.0328126	0.02746134	0.016920057	0.026987093	0.027174618	0.018573439	0.034106528	0.020749152	0.027954301	0.029676875	0.020574212	0.023387434	0.022209802	0.025978307	0.019494656	0.025313288	0.018576601	0.021840566	0.042454968	0.023267543	0.349352078	0.487904341	0.023410716	0.508548599	0.362868213	0.421809343	0.432653894	0.200335598	0.320460138	0.438253641	0.375379133	0.027261045	0.037711161	0.362278101	0.216357245	0.020839006	0.395157246	0.409127826	0.035602944	0.481163907	0.19765986	0.362409444	0.295209093	0.484241458	0.02904967	0.43182721	0.019737217	0.300523189	0.260052764	0.427300382
Marker15	0.034305847	0.029140681	0.02287389	0.021818564	0.033823459	0.029160101	0.042045619	0.019478031	0.026981249	0.035050863	0.019681134	0.024625957	0.024965573	0.033208882	0.030664565	0.028194677	0.032280856	0.029485106	0.031698362	0.035347546	0.679062852	0.774846443	0.027558409	0.642148069	0.378184277	0.083770475	0.535844729	0.392740562	0.20006354	0.337365449	0.201259807	0.088685114	0.34932803	0.335383959	0.128588511	0.037107514	0.260544706	0.380566929	0.060414622	0.354691961	0.227770939	0.390306616	0.130097401	0.705698094	0.186066822	0.475853832	0.047793145	0.255384864	0.059150944	0.402605465
Marker16	0.018976775	0.021879805	0.015066055	0.021008607	0.087972473	0.022338941	0.048816456	0.011377027	0.022443338	0.045098217	0.023891906	0.172981157	0.017049439	0.016880894	0.014238935	0.018298648	0.030604152	0.084002179	0.013929977	0.017752601	0.487081386	0.189054186	0.022224378	0.014919507	0.249708424	0.480731254	0.024075508	0.615000949	0.367739218	0.044613711	0.063984751	0.018598429	0.108997308	0.037121253	0.056819327	0.012859846	0.442502018	0.430323212	0.167580982	0.013980385	0.250660379	0.480830219	0.070374973	0.039188523	0.018695957	0.484965431	0.30805831	0.095561678	0.038675552	0.302846462
Marker17	0.028370512	0.026742778	0.01851252	0.014709084	0.049284911	0.011753398	0.013011949	0.013927821	0.014854555	0.018754567	0.012721352	0.040389614	0.011846122	0.013997204	0.013400998	0.013835127	0.016432981	0.015513603	0.0180654	0.01428654	0.538972841	0.788170147	0.015373434	0.013309549	0.355340855	0.446293521	0.384808738	0.019238334	0.135641854	0.021919445	0.027659863	0.014043978	0.480885737	0.011963782	0.152780235	0.014432455	0.35568244	0.414724807	0.014473038	0.013233866	0.038335192	0.51618249	0.233660542	0.074872082	0.033705244	0.608485231	0.012520435	0.016005728	0.385863439	0.558347775
Marker18	0.03850434	0.029062552	0.021626005	0.017568779	0.018373019	0.019737966	0.163786329	0.017105745	0.019148973	0.022227499	0.016537506	0.022122573	0.015476068	0.014351451	0.021859682	0.021109407	0.018462567	0.023900696	0.014702945	0.0197289	0.472787365	0.01621686	0.02479962	0.015689531	0.015969186	0.398125095	0.331835927	0.179324706	0.539455415	0.029795423	0.023640071	0.019652797	0.019189934	0.023778212	0.026193826	0.017515094	0.422031499	0.610986304	0.024548474	0.017682363	0.054473545	0.549630779	0.151313405	0.0188963	0.060476493	0.099150792	0.061541175	0.163418242	0.015789235	0.624001282
Marker19	0.015850502	0.014485686	0.01124327	0.02508253	0.062954834	0.011195307	0.011162478	0.01423276	0.018836514	0.012769791	0.013790619	0.013536784	0.013161649	0.012643471	0.018392951	0.023522276	0.012862542	0.014735404	0.010300586	0.010832477	0.47986174	0.011605788	0.025115694	0.727373101	0.484092458	0.017459561	0.402926638	0.410082783	0.292943367	0.529509039	0.484026361	0.396988974	0.014303901	0.013695289	0.053991389	0.014166746	0.322529974	0.253607703	0.010210054	0.425557456	0.051406153	0.022184468	0.028783698	0.028880481	0.039026362	0.013410817	0.012698625	0.359768118	0.013400584	0.436744809
Marker20	0.038789443	0.037660198	0.070615807	0.030036639	0.034777457	0.036036128	0.038454288	0.033745295	0.036354302	0.037714464	0.037331131	0.036721112	0.031446201	0.028808831	0.024886918	0.038124076	0.043112205	0.02820696	0.0318138	0.033337021	0.558564489	0.898984091	0.03464392	0.179547038	0.077747457	0.270081803	0.040556256	0.301989287	0.302409558	0.03741373	0.045432546	0.04916854	0.401408596	0.144424849	0.046859913	0.030544893	0.127000118	0.484834787	0.045984414	0.38624248	0.050558576	0.322428929	0.037576883	0.390172546	0.040343008	0.200363227	0.038267067	0.050298458	0.031093597	0.410602245
Marker21	0.023374621	0.033767707	0.032953937	0.062354342	0.052190323	0.024326021	0.027569779	0.022680688	0.019530654	0.049105983	0.051608661	0.033728757	0.037993652	0.049747911	0.036658368	0.031811852	0.025538977	0.049170203	0.032807203	0.031780916	0.148393527	0.268841258	0.041698699	0.629723495	0.734532712	0.112736537	0.248169476	0.156903664	0.548481251	0.335211992	0.339285431	0.326070745	0.466548196	0.13293011	0.195092004	0.02869385	0.233906696	0.524437999	0.160972171	0.023471092	0.338321083	0.253034505	0.123538733	0.402329737	0.038938556	0.078233968	0.086207613	0.087588678	0.042606406	0.521745247
Marker22	0.030481212	0.030881155	0.03613171	0.031008321	0.024914364	0.029843729	0.044742863	0.038599623	0.033843269	0.027063068	0.02416057	0.032942091	0.032068915	0.031859149	0.028618665	0.03069417	0.036261822	0.036420493	0.054941215	0.033050201	0.693772353	0.166327756	0.02838706	0.04262115	0.615846746	0.344700326	0.34797829	0.145365048	0.221780776	0.168783214	0.139556112	0.049730951	0.262347397	0.262571323	0.063872418	0.029008804	0.325136992	0.036240128	0.098661271	0.020574659	0.330680025	0.560562229	0.106456437	0.159643207	0.069304213	0.418428095	0.056546244	0.037531136	0.027883052	0.386427313
Marker23	0.045269967	0.081486744	0.029173539	0.049303603	0.091633975	0.049175632	0.055118823	0.037177964	0.03884205	0.039103695	0.031332795	0.065531749	0.028427847	0.026027276	0.030732197	0.034076994	0.04907418	0.071770102	0.029830467	0.030633952	0.495520446	0.023798434	0.047315618	0.110898751	0.257491095	0.114715224	0.153431076	0.498634211	0.349778803	0.277640949	0.337967133	0.180877244	0.397095614	0.031450051	0.234825651	0.085627485	0.167556068	0.081504123	0.086950501	0.119780765	0.276755479	0.332113217	0.130030428	0.135661959	0.052733903	0.056255133	0.06950593	0.243948881	0.220422236	0.110315066
Marker24	0.02656362	0.024049997	0.031524017	0.029070916	0.025270192	0.02730343	0.038449571	0.023470434	0.025459911	0.031668851	0.02369681	0.026492265	0.026687789	0.027878098	0.028162751	0.02877231	0.026799609	0.025762941	0.034240634	0.030786536	0.446683322	0.776361556	0.06403597	0.405580936	0.046083847	0.048905336	0.147532532	0.057787661	0.170348107	0.031862998	0.131351523	0.064880974	0.319207601	0.30072049	0.039324632	0.028076846	0.240300138	0.322872005	0.035775693	0.03218528	0.032500551	0.236528595	0.032513075	0.024132141	0.034944813	0.594302071	0.10535816	0.115293734	0.031141862	0.567363622
Marker25	0.015448689	0.017848901	0.013277229	0.039068096	0.018775577	0.014701355	0.016835068	0.014197983	0.016907279	0.017419064	0.019361248	0.019957483	0.01774748	0.016490729	0.014274254	0.015471316	0.019316444	0.015506708	0.015767192	0.015153843	0.314333161	0.528983154	0.015280349	0.642776596	0.277436455	0.431288377	0.301651907	0.166223404	0.233928836	0.344025939	0.023438729	0.036725866	0.303252078	0.015867048	0.047471309	0.014721463	0.074180245	0.461517005	0.19319225	0.309094781	0.412054577	0.442987615	0.031354235	0.365586898	0.338081172	0.503679083	0.017531562	0.069171668	0.013332031	0.088268928
Marker26	0.028557094	0.029592546	0.042963085	0.024706856	0.035316794	0.023214363	0.042974451	0.023971354	0.033457495	0.048504377	0.033350079	0.038759978	0.031351209	0.048709296	0.036517102	0.032865151	0.045509058	0.020143289	0.042377411	0.043716259	0.611212812	0.193797448	0.03126501	0.410831758	0.41325993	0.19136293	0.254894592	0.375948071	0.214568074	0.189404181	0.244374797	0.14802646	0.263748056	0.226081905	0.042739958	0.041523156	0.362584005	0.356700494	0.043135896	0.117886678	0.346386044	0.449154126	0.026424044	0.073383615	0.117342111	0.342564213	0.030011022	0.086550763	0.037600283	0.364755527
Marker27	0.038452079	0.04156537	0.032691848	0.050323273	0.037470348	0.035612296	0.029847369	0.051491094	0.031872214	0.028404716	0.035093227	0.060502311	0.032281226	0.036850637	0.028436036	0.032154472	0.029905444	0.032006239	0.034133239	0.025690489	0.273731093	0.436878977	0.048115632	0.429784694	0.217838137	0.091394941	0.55525542	0.038489697	0.387371994	0.3006108	0.078054861	0.036983444	0.405200566	0.407030448	0.258461664	0.03547039	0.389658831	0.167199184	0.036962794	0.04219504	0.084491895	0.38210889	0.241980051	0.7486201	0.03543849	0.088837164	0.034809025	0.045219734	0.034340039	0.156483791
Marker28	0.040746269	0.038236296	0.035258117	0.029682071	0.036708174	0.023889155	0.050562282	0.025552259	0.029420518	0.039869762	0.022981712	0.032232444	0.022257342	0.024025536	0.024761334	0.028937482	0.028448557	0.025877837	0.033164914	0.025379827	0.561583701	0.704373162	0.055484179	0.692217578	0.528122886	0.225603657	0.467642765	0.429655169	0.371901156	0.380885249	0.316014492	0.158703846	0.317525656	0.257600489	0.237227804	0.042708301	0.467110741	0.317592617	0.052601309	0.465444167	0.292477257	0.324742551	0.283935222	0.614253573	0.25926311	0.522125294	0.060478525	0.256939653	0.552688489	0.375685848
Marker29	0.027085769	0.030356224	0.067583248	0.032119652	0.020363303	0.026204302	0.028641289	0.030676255	0.026750373	0.035338401	0.019209783	0.02596339	0.020095338	0.088920228	0.033223131	0.021652	0.020015376	0.016877229	0.02635719	0.022280116	0.67664006	0.18473876	0.026771037	0.453264494	0.728993061	0.40084324	0.547624923	0.26673734	0.367924813	0.317243365	0.458421498	0.199100889	0.323436611	0.346136521	0.096174158	0.023796566	0.447439022	0.4472677	0.137691133	0.238034491	0.432496611	0.363769917	0.406509563	0.404259568	0.120222992	0.31645015	0.041925506	0.098461832	0.035046336	0.621209502
Marker30	0.022169579	0.022594321	0.025196249	0.024932936	0.021475176	0.023715081	0.021060618	0.02471732	0.023311006	0.021596138	0.020621111	0.027995468	0.020878126	0.063550125	0.0198006	0.022357473	0.019443549	0.018044948	0.026406121	0.020819158	0.300730105	0.425244382	0.027862306	0.447765545	0.437481728	0.133147701	0.084882348	0.083704433	0.197309999	0.219027655	0.201353343	0.066375949	0.188368135	0.184753665	0.037226062	0.024055424	0.200241001	0.14782646	0.054726891	0.077080771	0.190183116	0.184854915	0.116702819	0.289255076	0.033059033	0.19028819	0.02975903	0.045996524	0.029463359	0.06346293
Marker31	0.031965569	0.028829453	0.036631099	0.02855638	0.028297961	0.022754963	0.023158138	0.026314227	0.026132975	0.02790639	0.022469121	0.029275538	0.024157662	0.025496581	0.027422656	0.029859087	0.028278204	0.027071438	0.029146956	0.025003749	0.703817051	0.033766862	0.027856087	0.531428655	0.749904125	0.351874488	0.392921401	0.209869947	0.475824493	0.45066564	0.471175511	0.236483689	0.467271001	0.035513701	0.118013502	0.027129736	0.16184584	0.227344499	0.091312451	0.181410153	0.465815637	0.192640934	0.039482645	0.228384377	0.092050974	0.460682452	0.058743329	0.087713965	0.03433682	0.040624703
Marker32	0.054120742	0.03519761	0.023436819	0.045769341	0.032691486	0.032114624	0.055677473	0.029035767	0.033936568	0.035308673	0.026985562	0.032492073	0.040603856	0.03984284	0.038766127	0.046967011	0.024457068	0.030251723	0.040232498	0.028642481	0.520669781	0.796728132	0.060678606	0.252297963	0.042653013	0.374285002	0.027556055	0.363892351	0.355380974	0.549188522	0.339384396	0.322442592	0.511212522	0.032839716	0.117515176	0.027161406	0.425982331	0.495410087	0.152479765	0.222294811	0.272401622	0.458719863	0.197034347	0.48405103	0.311768568	0.580576637	0.043513795	0.277241133	0.032112686	0.536488703
Marker33	0.042371259	0.041109801	0.050050326	0.046911141	0.046517136	0.035213256	0.048227786	0.051139831	0.050522988	0.046947781	0.044257894	0.043658775	0.042832966	0.041375232	0.042025386	0.043528384	0.036950174	0.042958808	0.043879806	0.036429211	0.674008047	0.716387317	0.039046386	0.092848797	0.057085808	0.317817171	0.195628764	0.264422707	0.084105384	0.060220802	0.144469428	0.098526869	0.064053655	0.114435939	0.058245983	0.032379909	0.13345523	0.266222491	0.056690342	0.134029593	0.111521708	0.486608328	0.205092583	0.486085436	0.048828958	0.319345575	0.058951394	0.057643097	0.119949668	0.367326422
Marker34	0.032922289	0.036594503	0.022648936	0.031502681	0.026661528	0.022593376	0.03149836	0.027194444	0.023988824	0.029393767	0.02404465	0.024704837	0.021087932	0.021953507	0.026425918	0.023700027	0.025912432	0.023397376	0.02968296	0.021979097	0.728273762	0.533386239	0.02674207	0.367146142	0.524594498	0.231284334	0.027224259	0.610758021	0.370207426	0.052956645	0.075337075	0.028960844	0.022046266	0.027377875	0.04794611	0.021187182	0.185031777	0.427069038	0.056081902	0.022687021	0.197510551	0.234447194	0.223950233	0.020085407	0.05429707	0.033879624	0.027110901	0.030948864	0.052936858	0.055564789
Marker35	0.011994706	0.021890387	0.012671308	0.021237123	0.015268698	0.011099213	0.014007697	0.012982793	0.013727785	0.013866469	0.016166435	0.011421234	0.014212139	0.015066392	0.011942156	0.013057938	0.014019236	0.011939182	0.018308814	0.015229907	0.382565272	0.516140101	0.015641579	0.381974098	0.321354221	0.18657129	0.487283083	0.12865777	0.405869442	0.322504456	0.238058511	0.097551273	0.234546521	0.361603704	0.02458167	0.011614789	0.316606552	0.179624042	0.055768957	0.049709238	0.339702291	0.44803837	0.020407002	0.475207718	0.026612536	0.214530531	0.024013229	0.023404383	0.022383549	0.350864231
Marker36	0.03598851	0.037320975	0.038783399	0.048191249	0.037124758	0.03543211	0.040472089	0.031586738	0.037324542	0.047914942	0.047045081	0.042620623	0.050471138	0.058683493	0.036426283	0.04839238	0.046470873	0.038885974	0.060243031	0.04184075	0.582445525	0.452218301	0.075629331	0.515947395	0.638148565	0.287855565	0.402771675	0.375334209	0.382514091	0.33786895	0.41710934	0.298980074	0.42231691	0.097285155	0.1640495	0.073247883	0.544105089	0.212160071	0.145682422	0.100935176	0.353336953	0.401801934	0.318729606	0.031835688	0.034105016	0.331011694	0.069429659	0.131723445	0.067035033	0.342534361
Marker37	0.016180924	0.034651594	0.021497715	0.037399829	0.032972309	0.021190605	0.025839573	0.029762473	0.055684289	0.047630413	0.026076995	0.094117628	0.03267998	0.028208824	0.018542261	0.033489966	0.026273581	0.061206745	0.063691635	0.032497949	0.535192254	0.698945762	0.092419788	0.286703427	0.542988767	0.266010756	0.438781775	0.190718061	0.284352359	0.245398112	0.319682285	0.183199712	0.312328846	0.128601955	0.259018319	0.066373872	0.340754598	0.341462254	0.092946765	0.028051098	0.298724725	0.416109646	0.315346233	0.438554802	0.327343202	0.282275017	0.110172639	0.272106055	0.277706076	0.428081887
Marker38	0.023119363	0.033959368	0.031220508	0.089554128	0.025299504	0.030615216	0.032378267	0.028852894	0.02697691	0.03553637	0.026234498	0.033608011	0.029017926	0.024669284	0.031526761	0.033184545	0.024524473	0.026614278	0.039048018	0.030734354	0.797496674	0.119924536	0.136535135	0.886229245	0.830332676	0.288574021	0.72946953	0.715426136	0.55221519	0.632689684	0.278682016	0.529799897	0.555457374	0.424512913	0.396503586	0.146921518	0.584343088	0.518943422	0.107222736	0.751209829	0.65678254	0.067331665	0.510582808	0.736572576	0.394050017	0.757509154	0.110565464	0.33656549	0.601376082	0.711666469
Marker39	0.017980431	0.01771534	0.01446908	0.059515131	0.014141988	0.014626252	0.015510162	0.018945863	0.017338563	0.025620594	0.015630953	0.018575262	0.01772434	0.046946645	0.023417937	0.017481092	0.014251838	0.013723653	0.130760747	0.017608239	0.187784682	0.020002779	0.05745771	0.01772438	0.023631991	0.282755619	0.019325245	0.067578185	0.306692357	0.397207934	0.017256244	0.503431136	0.418422325	0.028973134	0.344936237	0.012781834	0.542016026	0.644226169	0.37206222	0.504783849	0.212966599	0.43029378	0.10517753	0.613048319	0.194413873	0.553323149	0.030578171	0.342561547	0.433123354	0.620685921
Marker40	0.030030282	0.016888434	0.01856873	0.05872691	0.016069348	0.016675469	0.035488806	0.019273314	0.020757366	0.016650541	0.017513781	0.017868684	0.014191398	0.018849097	0.014280872	0.019523829	0.01734514	0.017884292	0.018560988	0.014636506	0.536339418	0.019485231	0.017802101	0.066057977	0.285550707	0.405752745	0.210118124	0.105283588	0.122850896	0.091665894	0.141116411	0.352289774	0.447960359	0.09389027	0.085512225	0.014265584	0.086771536	0.332233172	0.171374952	0.028842497	0.231902349	0.406305675	0.09975926	0.01848874	0.022309784	0.063422103	0.025263438	0.21926891	0.019923657	0.501504298
Marker41	0.022355503	0.022459544	0.021840858	0.07396214	0.026534373	0.021124956	0.028180417	0.016869242	0.029908861	0.03497937	0.023642328	0.018948144	0.020445081	0.074383669	0.041839927	0.020175548	0.020591387	0.016065692	0.070768382	0.023952781	0.49228354	0.019995631	0.110388161	0.612213528	0.621410981	0.025056335	0.58959637	0.193613749	0.477640394	0.519985856	0.430941609	0.382056711	0.373374501	0.434160482	0.110923719	0.108219197	0.367666269	0.176058516	0.026570267	0.158992053	0.471573862	0.039796599	0.136927085	0.454476626	0.277149235	0.336016687	0.043531754	0.359514237	0.108773726	0.436881033
Marker42	0.025663871	0.030301665	0.028914051	0.080147212	0.030786753	0.023536793	0.048899344	0.023346909	0.03516614	0.047903726	0.045604462	0.041626914	0.035565768	0.052761901	0.031154446	0.049549443	0.047820102	0.036584552	0.091633924	0.040459876	0.512030345	0.576219393	0.174667243	0.593450164	0.500399628	0.340585388	0.460275026	0.298142293	0.382670542	0.43722248	0.394107286	0.294457756	0.377326203	0.32597563	0.275472704	0.101845338	0.487824688	0.300423845	0.178914228	0.416326002	0.390671341	0.451970295	0.352005633	0.419036592	0.418754787	0.058606113	0.110094137	0.327101992	0.13272423	0.372950298
Marker43	0.015431364	0.02302702	0.012160255	0.033069379	0.019497802	0.013793741	0.080190951	0.014345851	0.020264164	0.030930453	0.015890164	0.03726505	0.014453107	0.013596573	0.015311528	0.020758164	0.016696743	0.017421928	0.034000802	0.017511412	0.597487003	0.012740373	0.043593836	0.394756777	0.581622881	0.226071611	0.474905621	0.262957326	0.454268085	0.44944997	0.264261217	0.304576603	0.424956592	0.382328374	0.243324064	0.068197606	0.423501802	0.384354616	0.103747422	0.362644292	0.395272048	0.031449633	0.385106657	0.479173452	0.274481148	0.521772661	0.189285331	0.052335776	0.389542097	0.462216838
Marker44	0.020094226	0.033439525	0.029350357	0.047953725	0.018212007	0.029161876	0.022891877	0.028871776	0.035336508	0.04003899	0.024297958	0.033655099	0.022055619	0.074780799	0.039737119	0.02739563	0.021130101	0.026150572	0.029686879	0.025018769	0.510557858	0.620524762	0.020660342	0.343356829	0.463379624	0.28399515	0.458310733	0.215160281	0.321657511	0.454979703	0.173705353	0.414197735	0.025233713	0.29575995	0.074084831	0.071662063	0.328256658	0.286420549	0.053460514	0.437101213	0.240713151	0.396659335	0.139993825	0.246470804	0.380831274	0.58855746	0.133057051	0.114604893	0.147171431	0.51593941
Marker45	0.022648756	0.028331469	0.018725	0.043989759	0.021534737	0.017530131	0.027263832	0.019455926	0.023515186	0.026706705	0.021317544	0.024424148	0.019944451	0.017433518	0.020807571	0.021185498	0.021404111	0.017179361	0.042215407	0.026642099	0.610080802	0.769393503	0.112208771	0.681949746	0.726363351	0.369788373	0.605657476	0.362268659	0.497284685	0.532435145	0.492595839	0.337733227	0.49859986	0.367079701	0.335956143	0.107294792	0.555311876	0.466654602	0.166909438	0.610963303	0.475347985	0.536756893	0.240308329	0.534563789	0.317707319	0.384594571	0.044449754	0.432312919	0.302162305	0.108465583
Marker46	0.023330682	0.028272505	0.021981014	0.018384758	0.021918904	0.020717285	0.028341741	0.021399252	0.021194802	0.02041089	0.015834942	0.017324642	0.018299101	0.016200978	0.018411785	0.018728385	0.019308578	0.01717695	0.021410959	0.016536002	0.500074882	0.038442427	0.10059961	0.392958299	0.120716594	0.236016034	0.500848345	0.452028417	0.059322921	0.074132034	0.127525914	0.044256159	0.020971222	0.283827709	0.07232686	0.020166121	0.276498265	0.153378453	0.019455196	0.025733211	0.101277893	0.359106187	0.294150783	0.571273501	0.318467455	0.426172597	0.034805178	0.037877331	0.285059604	0.376969902
Marker47	0.021978224	0.019068707	0.021945179	0.027007586	0.020584062	0.017478059	0.04200001	0.016234336	0.019565464	0.034291837	0.020715377	0.028845078	0.018837744	0.015816081	0.024687469	0.022403161	0.021788819	0.028324326	0.04114815	0.016435902	0.467190251	0.629597073	0.023291108	0.430816194	0.448754348	0.218262575	0.352931343	0.344767987	0.283199899	0.306515623	0.259829054	0.194219354	0.206418558	0.103542056	0.113552368	0.01764117	0.319507799	0.246599906	0.029479796	0.283347274	0.167276579	0.289379644	0.202623739	0.158712302	0.061955024	0.401383704	0.050346595	0.148568368	0.288323184	0.31668116
Marker48	0.019096229	0.024661082	0.019400295	0.095774465	0.023438227	0.020609458	0.027861095	0.025696677	0.030289655	0.027187413	0.018404832	0.025167147	0.021477945	0.020899181	0.021440174	0.028088276	0.025868038	0.020193299	0.027392576	0.022848974	0.835583036	0.143527108	0.155850764	0.859785998	0.822339945	0.297299956	0.691115792	0.669033667	0.507564961	0.627485882	0.25488237	0.501229001	0.553494739	0.313176395	0.349363865	0.059001467	0.572553345	0.451529882	0.108607199	0.741952275	0.620018733	0.05632234	0.487416864	0.712085802	0.492060169	0.653846703	0.11649049	0.37668594	0.580466242	0.679522724
Marker49	0.02916907	0.034287513	0.027763802	0.030609455	0.030948099	0.024118773	0.040104783	0.019876458	0.030529541	0.041858591	0.025625794	0.030473945	0.023430533	0.023928856	0.019629893	0.02626169	0.028341619	0.025125276	0.026830268	0.022267408	0.672897299	0.697817367	0.029902177	0.214495449	0.536696359	0.306888346	0.29956204	0.473324645	0.419537682	0.247615663	0.32344285	0.160148174	0.147434903	0.120397314	0.106534209	0.028741491	0.337777593	0.502741655	0.096785108	0.443712472	0.261088416	0.53606499	0.206528266	0.128065384	0.038797716	0.637879401	0.029392274	0.32186304	0.347699615	0.496395922
Marker50	0.025052539	0.037802863	0.031215562	0.067381224	0.069021635	0.025630974	0.032105135	0.038759205	0.024643769	0.042883833	0.051976395	0.041855295	0.039221012	0.065682134	0.030341727	0.024037712	0.019667611	0.062144256	0.028815001	0.028926014	0.440742681	0.541324975	0.058366602	0.021831623	0.171565245	0.210576204	0.024601124	0.43709181	0.346106906	0.028202138	0.11354338	0.031526316	0.193305602	0.054484475	0.076268373	0.025328233	0.445706018	0.056482269	0.072056064	0.027108945	0.059236841	0.160474659	0.18818741	0.024330393	0.064897201	0.529362957	0.041713492	0.058822108	0.213954038	0.446021661
